version https://git-lfs.github.com/spec/v1
oid sha256:22bb968a01e6312469dde98ec5bc7c03db241b3b0b3acd464bdbb71225b3c7d7
size 24835923
