version https://git-lfs.github.com/spec/v1
oid sha256:116759f5da9a7c1ddec129ef28a2749dd5d7f43299973043b8bb1490e7e0fdf8
size 56219
