version https://git-lfs.github.com/spec/v1
oid sha256:0f9a5cb9396ab8fa38a8fe649f6be7c01f28b58147722e7167086632ee0810c8
size 199852
