version https://git-lfs.github.com/spec/v1
oid sha256:c5b06714736b4c2bea8c93835e0e5a116e5e246190fcc46e2bb5edade224079c
size 11151
